1000 2994
987 990 79
931 932 31
113 115 61
113 116 43
586 587 69
225 227 6
586 589 97
169 172 81
225 228 31
474 475 85
586 588 21
599 600 85
113 114 91
599 602 79
18 19 62
599 601 80
738 740 21
474 476 19
225 226 11
474 477 100
63 64 75
63 65 50
362 365 95
738 741 58
63 66 76
362 364 62
18 21 78
18 20 1
931 933 94
931 934 65
514 517 36
514 516 31
514 515 58
185 187 18
185 188 97
185 186 80
763 765 55
402 403 61
763 766 35
402 404 36
402 405 90
763 764 74
169 171 78
169 170 88
987 988 97
738 739 25
987 989 7
626 629 54
875 876 9
626 628 87
626 627 76
875 878 9
875 877 66
915 916 81
490 492 54
651 654 4
490 493 38
651 653 51
651 652 38
915 917 8
915 918 37
490 491 52
906 908 66
642 643 52
906 909 97
458 459 78
642 644 31
642 645 73
449 452 61
505 506 91
866 869 14
866 868 12
449 450 21
505 508 43
866 867 58
449 451 75
505 507 67
234 236 13
234 237 73
595 596 39
906 907 44
362 363 77
595 597 44
234 235 17
595 598 36
75 78 50
458 460 69
75 77 29
75 76 73
458 461 11
635 636 47
996 999 60
996 998 43
635 638 18
996 997 11
999 1000 93
635 637 52
770 771 3
770 773 37
328 329 26
770 772 20
218 220 68
579 582 65
884 885 54
579 581 89
884 886 2
218 221 38
579 580 23
884 887 86
523 525 52
523 526 90
523 524 91
897 900 20
120 121 27
353 355 30
481 484 58
353 356 67
481 483 49
218 219 15
481 482 34
353 354 97
922 925 71
922 924 52
241 244 7
689 692 66
241 243 100
689 690 59
922 923 75
689 691 49
328 330 53
328 331 66
241 242 76
192 193 95
297 299 68
192 195 3
801 804 48
192 194 50
297 298 82
801 803 52
801 802 65
120 123 55
120 122 28
978 979 71
198 200 7
198 201 82
812 813 9
131 133 60
131 134 21
617 618 25
617 619 22
812 814 78
812 815 91
530 531 85
891 894 62
891 893 38
530 533 45
891 892 14
530 532 70
38 39 55
346 347 54
978 980 32
87 89 15
346 348 2
978 981 79
87 88 67
346 349 4
38 41 64
617 620 19
87 90 77
940 941 29
756 759 33
745 746 3
756 758 46
745 747 59
756 757 42
940 943 54
38 40 42
745 748 50
940 942 93
319 321 1
319 320 10
319 322 59
781 784 62
781 783 5
227 230 69
781 782 73
532 533 21
360 363 89
532 535 78
360 362 63
532 534 92
360 361 19
568 570 35
568 571 94
512 515 37
761 763 10
512 514 50
761 764 67
279 280 76
512 513 48
279 281 9
761 762 16
624 626 65
624 627 42
624 625 8
476 477 77
279 282 87
131 132 18
597 600 3
476 478 79
227 228 57
476 479 61
227 229 29
456 459 100
456 458 19
43 44 95
43 45 45
456 457 22
43 46 77
568 569 71
933 934 88
933 935 12
933 936 16
917 920 97
640 641 75
447 449 11
640 642 77
640 643 92
232 234 19
904 907 7
232 235 54
868 871 19
904 906 36
868 870 85
904 905 75
106 107 48
232 233 73
848 851 35
106 108 27
848 850 79
106 109 26
653 656 98
653 655 18
653 654 24
924 925 96
917 919 78
924 927 8
447 448 3
924 926 18
877 878 66
877 879 86
584 587 68
584 586 94
848 849 20
877 880 73
584 585 97
917 918 73
83 84 48
83 85 70
83 86 53
447 450 79
868 869 30
176 177 21
176 178 88
176 179 93
633 634 13
633 636 39
633 635 40
31 32 7
31 34 38
31 33 21
178 180 15
178 181 6
483 484 80
577 578 71
178 179 92
577 579 52
95 98 79
95 97 74
95 96 23
747 748 64
747 749 25
51 52 4
503 504 41
810 811 68
51 54 57
503 505 64
51 53 74
503 506 2
525 527 99
525 528 60
747 750 4
525 526 48
411 414 25
660 661 47
411 413 79
104 106 93
411 412 100
660 663 18
104 107 94
660 662 75
104 105 95
976 978 88
976 979 29
976 977 84
577 580 87
140 141 52
998 999 86
140 143 19
140 142 29
810 812 56
810 813 63
355 357 17
355 358 33
183 185 62
183 186 16
183 184 39
404 405 70
404 406 40
404 407 14
355 356 56
619 620 58
997 1000 66
619 621 43
619 622 69
348 351 9
348 350 24
754 757 3
754 756 74
754 755 87
261 264 19
261 263 85
261 262 30
326 328 5
326 329 60
969 972 95
483 486 82
348 349 23
483 485 86
133 135 13
698 699 72
111 112 9
133 136 22
111 113 25
803 804 91
969 971 22
111 114 87
133 134 79
969 970 42
326 327 35
190 191 9
882 883 51
190 193 47
803 806 27
882 884 82
190 192 85
803 805 48
882 885 6
678 679 56
317 318 5
317 319 82
189 191 95
189 190 75
205 207 40
205 208 37
494 495 62
718 720 58
718 721 41
189 192 57
895 898 98
895 897 48
895 896 61
46 47 35
205 206 86
46 49 18
46 48 13
91 93 11
91 94 18
758 759 49
91 92 100
758 761 5
783 784 19
783 785 78
783 786 5
718 719 24
454 455 53
758 760 11
454 456 17
454 457 11
678 681 47
342 343 81
678 680 30
342 345 65
422 424 89
342 344 62
422 425 32
422 423 11
911 912 82
911 913 90
911 914 46
317 320 87
389 391 30
662 664 56
879 880 10
926 929 11
301 302 83
389 390 59
662 665 63
879 881 84
926 928 74
301 303 37
301 304 78
518 520 49
662 663 79
58 59 15
438 441 46
438 440 21
711 713 80
879 882 16
926 927 76
711 714 97
221 222 91
299 301 13
478 479 22
299 302 9
117 118 72
299 300 29
221 224 84
221 223 87
254 256 63
254 257 80
58 60 66
117 119 80
254 255 66
711 712 86
58 61 80
518 521 25
293 294 59
478 481 27
293 296 5
478 480 85
117 120 21
293 295 49
34 36 20
34 37 21
34 35 75
373 374 34
518 519 80
575 578 27
575 577 41
469 470 98
575 576 55
469 471 62
983 984 77
469 472 14
702 705 43
983 985 83
702 704 96
983 986 59
438 439 9
622 624 12
702 703 67
622 625 13
389 392 88
622 623 3
102 105 25
102 104 16
463 466 93
463 465 100
463 464 28
498 500 10
974 975 45
498 501 73
727 729 43
158 161 25
727 728 35
974 977 46
974 976 19
268 269 14
236 238 68
236 239 79
236 237 62
102 103 100
7 8 30
7 9 22
557 560 1
862 864 86
501 502 16
862 865 20
501 503 5
501 504 54
862 863 66
268 270 63
268 271 20
557 559 19
142 143 6
839 842 46
839 840 74
839 841 87
174 177 69
174 176 60
174 175 89
158 159 54
727 730 68
375 376 30
774 775 85
375 377 82
774 777 56
375 378 12
774 776 37
944 945 31
158 160 61
263 266 89
263 265 98
557 558 37
944 947 16
944 946 11
263 264 9
252 253 90
357 360 99
696 699 17
696 698 100
606 607 45
823 826 53
823 825 87
606 609 49
696 697 63
606 608 17
142 145 1
142 144 21
823 824 100
406 407 40
880 881 46
406 408 96
805 808 47
880 882 75
406 409 25
805 807 77
880 883 97
639 640 93
805 806 72
639 641 70
357 359 26
989 992 63
680 683 83
541 542 92
680 682 48
357 358 48
541 543 68
680 681 30
989 991 91
541 544 75
989 990 64
22 25 30
22 24 26
22 23 8
639 642 74
71 72 36
71 74 81
71 73 56
452 454 74
452 455 39
985 986 27
985 987 93
985 988 72
716 717 38
716 718 25
452 453 38
716 719 6
420 422 89
420 423 99
420 421 2
8 11 72
496 497 85
496 498 88
496 499 23
588 589 77
207 210 59
8 10 75
821 824 83
821 823 48
207 209 20
115 116 30
492 493 76
115 117 94
359 361 6
492 494 16
115 118 53
207 208 44
359 360 97
492 495 21
913 915 40
359 362 14
913 916 13
913 914 56
66 68 36
66 69 94
66 67 56
252 254 3
252 255 85
588 591 12
741 742 8
741 743 92
821 822 85
588 590 13
741 744 25
436 439 72
700 703 48
436 438 71
700 702 94
387 389 66
516 517 28
387 388 61
516 518 38
516 519 11
295 296 27
295 298 62
837 840 39
295 297 41
467 468 52
467 469 71
788 791 91
928 931 26
788 790 48
928 930 75
698 701 7
698 700 54
692 693 91
436 437 13
620 622 78
700 701 34
620 623 5
387 390 12
620 621 39
223 224 2
837 839 11
573 574 25
713 714 72
467 470 31
837 838 38
788 789 67
928 929 9
573 575 7
713 715 100
573 576 27
713 716 46
664 666 30
664 667 14
664 665 44
223 226 13
187 190 47
223 225 95
187 189 18
187 188 48
26 27 30
26 29 21
26 28 97
942 943 68
371 372 60
637 640 12
807 808 95
238 241 81
238 240 89
371 373 82
850 851 73
3 4 37
371 374 51
3 5 69
14 16 73
408 409 44
729 731 87
850 853 56
3 6 19
14 17 88
729 730 70
850 852 99
14 15 72
543 544 34
543 545 10
543 546 83
729 732 69
373 375 65
373 376 33
942 945 8
942 944 10
78 79 28
864 866 85
408 411 88
864 867 14
864 865 41
465 466 2
772 773 24
772 775 24
772 774 81
465 468 62
807 810 52
465 467 47
238 239 57
78 80 55
637 639 35
78 81 90
571 572 12
637 638 12
807 809 11
408 410 3
172 175 74
608 609 96
172 174 17
958 959 30
172 173 71
344 345 76
694 695 56
694 696 65
694 697 10
344 347 8
344 346 93
971 974 27
971 973 100
971 972 13
743 744 18
743 745 92
743 746 19
250 252 35
266 267 91
899 902 73
250 253 42
899 901 8
266 269 84
899 900 85
266 268 29
315 318 41
559 561 75
315 317 31
559 560 45
250 251 43
559 562 77
100 103 11
958 961 77
100 102 97
608 611 63
100 101 87
608 610 75
494 496 47
494 497 79
958 960 42
893 896 76
893 895 83
144 145 85
315 316 18
893 894 49
144 147 77
209 212 97
144 146 80
209 210 13
209 211 10
52 54 9
145 148 2
52 55 14
145 147 91
145 146 92
52 53 78
305 306 70
305 307 3
305 308 64
450 451 51
153 154 75
843 846 21
843 845 25
409 412 72
409 411 10
409 410 86
386 389 24
386 388 37
731 734 20
795 796 57
731 733 89
731 732 88
386 387 69
683 686 74
843 844 38
683 685 47
434 437 4
955 957 86
434 436 26
955 958 99
434 435 49
795 798 64
96 97 23
795 797 87
955 956 97
96 98 73
274 276 63
683 684 22
96 99 100
274 277 65
529 531 38
538 539 13
529 530 94
786 788 55
378 380 95
786 789 100
570 571 43
786 787 27
570 572 38
570 573 70
722 725 53
722 724 96
210 211 12
210 212 4
210 213 66
40 43 41
40 42 38
40 41 58
265 268 98
369 372 19
265 267 53
265 266 48
369 370 91
369 371 34
378 379 65
722 723 63
562 565 26
562 564 16
562 563 16
529 532 6
201 202 5
201 204 87
201 203 66
826 829 18
826 828 73
826 827 7
64 65 77
666 668 62
666 669 94
64 67 19
64 66 100
399 400 87
666 667 49
538 541 83
393 394 81
378 381 46
393 395 29
399 401 46
393 396 36
399 402 71
538 540 49
705 706 76
809 810 16
809 811 37
441 442 87
705 708 5
809 812 27
705 707 100
99 101 83
441 444 19
99 102 86
441 443 28
657 659 9
657 658 80
99 100 47
291 292 58
291 294 99
900 903 6
291 293 32
900 902 76
900 901 33
817 818 94
817 819 95
852 855 29
39 42 83
852 854 58
852 853 84
497 499 11
497 498 45
39 41 39
39 40 8
331 333 95
331 334 61
817 820 50
331 332 30
136 137 47
136 138 37
136 139 66
545 546 48
545 547 6
545 548 37
657 660 68
697 700 27
274 275 31
27 30 78
834 835 59
834 836 32
834 837 97
424 426 53
424 427 88
424 425 23
674 675 32
313 314 18
778 780 50
313 316 46
313 315 47
27 29 33
938 941 1
27 28 30
417 420 34
778 781 91
938 940 66
257 260 46
674 677 78
674 676 59
153 155 34
76 77 77
153 156 11
417 419 96
76 78 10
417 418 34
76 79 43
778 779 4
170 173 24
691 693 53
170 172 74
691 694 49
170 171 11
601 603 78
601 604 78
691 692 96
612 615 56
612 614 86
129 130 34
281 283 52
973 974 2
129 131 1
281 284 82
612 613 100
938 939 78
962 963 44
257 259 18
962 964 27
601 602 6
962 965 62
973 976 64
257 258 47
973 975 40
129 132 41
281 282 25
953 955 91
147 150 45
953 956 97
668 669 84
432 435 35
432 434 24
384 387 85
384 386 16
648 650 82
432 433 96
127 130 13
397 400 51
648 651 90
953 954 70
460 461 15
681 684 76
681 683 73
460 463 62
460 462 31
32 33 78
419 422 61
648 649 8
32 35 93
32 34 82
147 149 8
147 148 30
945 946 26
945 948 97
945 947 81
668 671 53
127 128 54
127 129 78
990 993 67
897 899 37
990 992 25
419 420 80
897 898 25
990 991 18
419 421 41
560 561 33
668 670 38
560 563 68
560 562 41
527 529 29
581 584 41
376 377 59
581 583 76
376 378 34
581 582 55
376 379 42
527 528 61
119 121 20
119 120 43
733 736 60
119 122 25
733 735 43
824 827 26
824 826 85
824 825 30
981 982 31
160 162 86
981 983 7
160 163 75
981 984 13
733 734 62
276 277 77
797 798 72
72 74 65
72 75 58
160 161 23
797 799 43
276 278 56
681 682 81
72 73 20
276 279 60
724 727 68
724 726 70
212 213 61
384 385 46
724 725 88
303 304 47
303 305 83
303 306 28
212 214 96
212 215 23
553 556 69
297 300 39
553 555 13
203 205 76
203 206 7
203 204 69
527 530 75
553 554 75
134 135 82
134 136 92
603 606 11
134 137 3
603 605 69
603 604 74
910 911 76
910 912 60
910 913 5
84 85 44
84 87 38
84 86 8
547 550 61
248 249 15
819 822 73
555 558 3
555 557 82
819 821 76
819 820 70
555 556 32
902 905 8
769 772 56
902 904 78
769 771 50
832 834 83
769 770 84
832 835 32
854 857 43
854 856 49
919 922 52
919 921 62
919 920 16
902 903 34
547 548 43
547 549 95
20 22 24
311 314 50
20 23 94
97 100 2
311 313 93
854 855 85
20 21 92
162 164 40
311 312 99
162 165 9
248 250 67
832 833 28
248 251 90
162 163 88
333 334 84
519 522 31
333 335 10
519 520 2
333 336 60
519 521 42
426 428 100
947 948 31
426 429 78
426 427 15
947 949 22
776 777 51
960 962 43
960 963 39
776 779 5
776 778 43
283 285 75
283 286 67
960 961 18
283 284 27
255 257 86
255 258 60
947 950 63
255 256 73
703 704 10
610 611 51
703 706 97
703 705 16
610 613 94
610 612 49
510 513 51
860 862 17
510 512 62
860 863 38
510 511 6
860 861 12
19 22 81
155 157 96
676 677 47
155 158 17
19 20 50
19 21 30
676 679 55
155 156 15
676 678 15
382 385 87
382 384 76
791 792 86
35 38 13
35 37 67
646 647 2
35 36 47
382 383 88
646 648 92
646 649 61
80 83 23
309 312 1
80 82 21
614 615 10
80 81 15
614 616 11
614 617 66
534 535 42
534 537 14
534 536 19
566 567 97
125 126 7
229 230 80
566 568 35
229 231 48
566 569 61
125 128 40
229 232 11
309 310 1
125 127 97
309 311 20
149 152 39
598 599 64
149 151 30
486 489 44
149 150 67
486 488 52
486 487 20
285 286 85
285 288 39
285 287 91
108 109 21
631 632 15
992 995 85
8 9 30
992 994 39
631 634 91
992 993 23
631 633 30
551 553 49
590 592 97
23 24 47
551 554 95
590 593 18
23 25 97
23 26 95
590 591 86
551 552 38
110 112 38
110 113 54
670 671 37
110 111 10
629 631 58
629 630 93
709 711 69
629 632 93
709 710 21
709 712 53
735 736 9
735 737 61
735 738 64
815 816 21
815 817 48
815 818 11
549 550 61
549 551 55
108 111 76
549 552 31
655 658 80
655 657 92
655 656 39
108 110 7
198 199 47
214 215 3
214 217 76
214 216 49
391 392 74
391 394 92
830 833 98
391 393 46
830 832 56
164 165 66
830 831 80
670 672 69
670 673 90
196 197 1
934 936 38
934 937 95
196 199 99
966 967 50
196 198 86
934 935 7
966 969 90
966 968 25
800 801 26
800 803 42
800 802 40
413 416 55
413 415 90
445 446 57
59 61 90
413 414 40
59 60 98
445 447 42
445 448 14
92 94 28
92 95 32
92 93 22
397 398 56
397 399 50
752 755 99
59 62 99
752 754 43
752 753 79
845 846 84
231 232 15
231 233 33
856 858 89
949 951 63
231 234 77
856 859 10
949 950 72
856 857 48
949 952 3
845 848 24
845 847 43
324 326 62
324 327 7
428 430 50
335 338 97
685 687 76
335 337 11
685 688 50
181 183 72
335 336 92
181 184 43
428 431 63
181 182 84
324 325 25
767 770 4
685 686 44
767 769 37
164 167 99
164 166 60
767 768 69
11 12 38
11 14 18
11 13 8
60 63 70
60 62 75
60 61 30
428 429 21
246 249 40
246 248 71
246 247 67
270 271 55
951 954 72
951 953 89
430 432 84
430 433 45
270 273 92
791 793 83
797 800 74
270 272 47
430 431 81
791 794 21
951 952 2
123 124 50
921 924 32
921 923 20
123 126 34
921 922 70
123 125 49
307 308 42
307 309 87
828 829 63
841 842 69
841 843 95
380 381 92
488 491 27
841 844 84
380 382 76
380 383 89
793 794 7
352 354 50
793 796 61
873 874 22
352 355 52
793 795 96
873 876 32
352 353 70
873 875 23
55 58 78
320 321 70
828 830 51
55 57 21
616 617 93
55 56 22
320 323 23
320 322 78
828 831 20
488 490 56
536 537 26
400 401 83
908 910 74
400 402 85
536 539 43
908 911 64
400 403 14
536 538 32
616 618 8
616 619 79
307 310 19
908 909 47
151 152 49
259 260 94
259 261 33
339 342 75
151 154 40
259 262 10
339 341 63
488 489 72
151 153 11
339 340 53
592 594 62
592 595 50
888 889 15
592 593 77
287 290 8
4 5 12
4 6 28
4 7 56
813 814 3
813 815 2
813 816 49
367 368 8
367 369 14
287 289 44
287 288 73
395 396 15
15 18 4
15 17 2
15 16 39
9 12 44
564 566 63
564 567 37
644 645 93
644 646 25
644 647 81
888 890 33
888 891 49
994 997 47
367 370 6
994 996 27
994 995 19
564 565 29
9 10 95
9 11 56
473 474 54
473 475 45
473 476 10
707 710 53
737 738 46
964 967 100
964 966 70
67 70 93
216 219 57
737 739 39
216 218 86
67 69 5
216 217 74
67 68 64
443 445 86
443 446 3
138 141 31
659 661 36
443 444 60
659 660 81
964 965 19
395 397 60
750 753 95
395 398 51
471 472 62
750 752 77
471 473 14
750 751 50
138 140 45
471 474 84
659 662 9
707 708 98
707 709 2
47 50 72
720 722 12
138 139 78
720 723 64
47 49 100
47 48 85
720 721 55
194 195 52
365 366 64
672 673 84
886 887 49
194 197 15
365 368 81
737 740 4
886 888 69
194 196 27
365 367 96
886 889 44
672 674 5
672 675 13
799 800 27
508 511 2
508 510 62
322 323 88
322 324 33
415 418 54
936 938 74
322 325 32
415 417 86
936 939 22
415 416 18
936 937 28
687 690 72
79 81 57
79 80 66
244 247 63
594 596 46
765 767 78
79 82 92
244 246 57
272 273 48
594 597 55
765 768 52
244 245 54
594 595 5
765 766 59
799 802 95
858 861 25
337 340 6
799 801 99
272 274 65
272 275 36
858 860 11
858 859 10
337 339 70
508 509 63
337 338 12
521 523 6
521 524 75
521 522 85
166 169 40
687 689 70
166 168 71
166 167 48
350 352 7
871 872 41
350 353 38
687 688 66
871 874 66
350 351 55
871 873 1
522 524 10
177 178 40
522 525 5
883 885 14
217 220 69
883 886 21
177 179 11
522 523 76
329 330 47
329 331 33
578 580 42
995 996 5
634 635 47
995 998 51
578 581 83
883 884 26
995 997 10
329 332 49
771 772 33
410 411 67
634 637 74
634 636 33
370 371 66
370 372 38
771 774 70
370 373 86
771 773 56
177 180 85
410 413 23
482 485 96
410 412 37
482 484 12
482 483 89
578 579 9
923 926 27
923 925 16
923 924 27
85 86 57
811 812 96
85 88 84
811 813 50
85 87 87
811 814 35
466 468 45
105 106 40
217 219 79
466 469 42
105 107 28
217 218 20
105 108 11
466 467 70
354 356 17
354 357 54
354 355 95
802 803 78
802 805 52
802 804 53
193 194 96
618 619 69
193 196 10
193 195 18
208 209 75
345 348 25
345 347 48
345 346 51
97 98 1
609 612 52
97 99 96
609 611 60
609 610 14
53 55 68
618 621 56
53 56 44
53 54 19
298 299 22
618 620 93
121 122 16
289 291 69
569 570 87
289 290 47
569 571 61
121 124 21
121 123 41
289 292 86
208 211 16
746 747 81
569 572 40
746 749 60
755 756 100
208 210 55
746 748 12
755 758 4
755 757 94
892 893 60
531 532 84
892 895 18
892 894 9
531 534 26
531 533 31
979 980 57
979 981 87
979 982 10
739 740 70
739 741 17
739 742 52
168 171 32
168 170 82
780 781 73
114 116 74
114 117 24
114 115 53
186 187 82
627 630 14
168 169 4
475 476 99
988 991 99
475 477 63
988 990 92
475 478 80
363 364 5
627 629 71
28 31 86
363 366 11
401 403 46
363 365 9
401 404 74
762 764 59
988 989 28
401 402 25
762 765 66
874 875 38
513 514 94
199 200 42
762 763 56
890 891 30
199 201 30
28 30 81
199 202 22
627 628 22
874 877 97
874 876 30
491 493 78
130 131 81
491 494 32
130 132 27
130 133 55
491 492 96
513 516 36
513 515 4
598 601 1
598 600 78
849 852 32
849 851 23
28 29 24
296 297 29
849 850 22
242 245 20
242 244 71
242 243 13
506 509 19
506 508 31
457 459 7
457 458 97
641 643 49
641 644 42
16 19 59
16 18 77
641 642 55
16 17 30
867 868 44
506 507 80
867 869 41
65 66 58
65 68 27
65 67 18
652 653 98
652 655 2
652 654 41
186 188 68
186 189 47
457 460 82
596 598 28
235 236 48
596 599 19
235 237 74
235 238 41
596 597 39
867 870 78
585 588 87
916 917 29
585 587 87
585 586 35
916 919 74
916 918 100
780 783 38
905 907 91
780 782 67
905 908 43
905 906 87
224 225 54
224 227 11
224 226 2
179 182 64
748 749 61
179 180 58
179 181 89
576 577 50
576 579 11
576 578 100
997 999 19
997 998 56
21 24 95
327 329 21
21 23 16
21 22 45
327 328 40
175 176 95
103 106 3
103 105 24
103 104 89
977 980 97
977 979 73
524 525 94
977 978 9
504 507 88
504 506 46
504 505 73
327 330 20
524 526 79
497 500 2
524 527 51
748 751 7
412 413 4
748 750 65
661 662 11
412 415 25
661 663 48
412 414 79
661 664 41
403 404 84
753 756 78
753 755 86
197 200 45
61 64 23
61 63 1
61 62 49
753 754 98
347 350 43
890 892 21
890 893 42
240 243 96
240 242 58
540 541 30
240 241 13
403 405 23
968 969 73
403 406 93
356 358 4
356 359 1
540 542 94
356 357 50
540 543 69
968 970 73
697 699 58
191 194 34
697 698 5
191 193 72
968 971 79
191 192 85
804 805 20
132 133 18
260 261 83
132 134 44
260 262 45
804 807 30
881 883 45
132 135 55
219 222 89
260 263 61
804 806 59
881 884 92
219 221 62
219 220 45
881 882 41
930 932 30
930 933 16
930 931 87
112 114 6
112 115 7
112 113 22
484 487 36
347 348 89
484 486 31
347 349 24
484 485 83
511 512 82
533 536 74
533 535 67
511 514 19
533 534 26
511 513 3
625 628 72
932 934 68
625 627 34
932 935 42
932 933 8
625 626 9
782 784 67
760 761 96
782 785 36
477 480 4
760 762 32
760 763 19
782 783 68
226 228 13
226 229 94
226 227 15
455 458 98
455 457 77
455 456 90
876 879 100
876 878 3
184 186 63
876 877 73
184 187 34
184 185 11
73 75 86
73 76 83
477 478 69
477 479 52
73 74 84
847 850 42
448 450 86
710 713 86
710 712 62
710 711 49
448 451 61
903 904 11
903 906 96
903 905 22
583 586 63
925 928 18
583 585 10
925 927 83
583 584 72
925 926 17
869 871 86
233 234 45
869 870 4
233 235 43
233 236 58
869 872 99
654 657 63
654 656 83
654 655 13
632 635 13
632 634 44
632 633 93
41 44 31
719 722 16
41 43 93
41 42 41
719 720 19
719 721 9
448 449 54
847 849 89
361 362 7
847 848 72
361 364 65
361 363 68
157 160 66
726 727 41
726 729 96
975 977 100
726 728 15
975 978 84
943 944 93
943 946 94
943 945 24
157 159 96
499 501 75
806 807 46
499 502 74
638 640 18
638 641 100
806 809 42
499 500 68
806 808 4
838 839 56
558 561 23
975 976 3
237 238 27
558 560 18
237 239 29
157 158 75
918 919 75
374 375 87
374 376 87
374 377 23
699 702 60
699 701 57
699 700 36
638 639 17
863 864 48
863 865 37
269 272 24
502 503 58
863 866 73
269 271 41
558 559 21
269 270 1
141 144 39
141 143 45
237 240 81
141 142 94
173 174 79
502 504 54
918 920 39
502 505 92
173 176 22
173 175 38
24 25 45
838 840 42
24 26 26
838 841 27
24 27 92
918 921 18
775 776 43
775 778 64
775 777 97
12 13 41
695 697 85
695 698 54
742 743 14
12 15 64
12 14 68
695 696 50
742 744 70
742 745 69
262 263 81
358 360 50
262 265 78
262 264 83
959 962 14
959 960 72
358 361 98
959 961 68
278 281 22
278 280 50
278 279 71
542 543 80
405 407 7
405 408 14
405 406 23
462 463 92
462 465 81
462 464 30
101 104 79
101 103 62
101 102 79
358 359 32
542 544 2
542 545 28
589 592 54
318 319 4
589 590 66
589 591 55
623 624 77
623 625 73
623 626 42
453 455 70
453 456 94
453 454 22
341 344 59
717 720 22
341 343 71
341 342 90
896 897 34
605 606 20
896 899 87
896 898 64
912 913 55
912 914 41
912 915 63
81 84 77
81 83 81
81 82 63
605 608 40
605 607 24
822 825 24
822 824 28
822 823 46
717 718 99
318 321 34
318 320 42
679 682 70
784 785 16
717 719 67
423 425 9
206 207 68
423 426 89
206 208 83
679 681 10
784 786 32
206 209 41
679 680 50
784 787 78
423 424 78
118 119 61
468 469 66
253 255 57
298 300 30
253 256 24
298 301 40
517 519 99
253 254 90
517 518 28
878 879 88
789 792 32
439 442 73
663 664 67
44 45 91
44 46 30
439 441 70
44 47 49
439 440 78
93 95 2
93 96 97
302 304 13
93 94 72
302 305 87
663 665 37
302 303 29
663 666 11
789 790 22
789 791 58
927 930 15
175 177 33
175 178 71
468 471 39
468 470 53
517 520 70
701 702 12
292 295 54
479 481 26
701 704 38
984 986 22
292 294 39
479 480 34
701 703 51
984 987 58
118 120 44
479 482 79
574 575 34
712 713 83
878 880 21
927 929 90
984 985 4
574 576 92
712 714 72
878 881 26
927 928 16
574 577 78
712 715 7
118 121 93
292 293 79
500 502 3
636 639 12
5 6 35
500 503 9
636 638 46
808 809 43
5 7 51
280 282 23
636 637 1
941 942 81
5 8 81
280 283 86
500 501 77
88 89 88
941 944 13
280 281 43
941 943 28
464 465 5
464 467 72
808 811 93
464 466 40
159 160 24
407 408 15
159 161 22
159 162 84
239 241 23
88 91 91
239 240 34
88 90 21
239 242 64
544 545 100
407 409 65
728 730 22
808 810 63
544 546 69
544 547 56
728 731 80
773 776 36
773 775 84
773 774 15
865 867 16
407 410 36
865 868 89
693 695 29
693 696 6
300 302 50
300 303 53
693 694 50
865 866 25
728 729 18
220 221 98
480 483 3
300 301 52
480 482 96
220 223 100
480 481 64
220 222 92
48 50 25
296 298 92
296 299 8
48 51 40
744 746 30
744 747 60
744 745 84
957 959 50
607 609 100
171 174 76
251 253 6
607 608 92
757 760 22
970 971 79
171 173 96
251 254 35
970 973 63
48 49 30
251 252 28
970 972 34
171 172 1
957 958 38
957 960 50
143 146 24
143 145 99
143 144 32
757 759 40
267 270 51
757 758 9
267 268 21
898 901 88
898 900 44
267 269 76
607 610 12
56 59 36
495 497 14
56 58 49
495 498 76
56 57 25
495 496 19
894 897 33
894 896 42
188 189 45
894 895 4
986 988 84
986 989 43
316 319 42
421 423 61
316 318 62
421 424 86
316 317 95
986 987 92
715 717 33
715 718 20
493 495 6
493 496 9
587 588 84
715 716 67
587 589 84
493 494 59
188 190 71
188 191 91
421 422 14
36 39 83
36 38 95
36 37 22
998 1000 33
820 823 66
820 822 7
820 821 65
343 346 10
587 590 4
650 653 27
929 932 52
343 345 41
650 652 1
343 344 34
759 762 68
650 651 51
759 760 86
759 761 54
116 119 91
116 118 53
116 117 75
929 930 38
929 931 95
437 440 100
388 390 20
388 391 31
787 788 46
515 516 8
787 789 28
515 518 38
515 517 38
572 573 73
914 915 96
388 389 51
572 574 83
914 916 52
572 575 81
914 917 75
294 297 11
294 296 88
222 223 26
294 295 60
222 225 71
222 224 3
68 70 38
450 452 82
621 623 59
450 453 61
621 624 76
68 71 70
621 622 97
437 438 17
68 69 18
437 439 7
836 838 24
372 373 72
836 839 20
372 374 36
372 375 12
787 790 95
665 666 95
836 837 51
665 667 87
665 668 93
249 252 59
818 819 14
29 32 85
249 250 24
1 2 48
249 251 72
1 3 33
851 854 39
1 4 88
851 853 7
851 852 64
442 445 50
963 965 55
442 444 39
963 966 95
442 443 90
963 964 89
29 30 63
137 140 70
554 557 8
658 660 1
29 31 60
554 556 63
554 555 3
658 661 90
714 715 78
714 716 87
714 717 79
602 603 67
330 331 96
290 293 84
330 332 3
602 605 17
290 292 31
330 333 4
602 604 41
74 77 20
290 291 60
74 76 89
74 75 18
546 547 29
137 139 45
137 138 33
818 821 20
498 499 30
818 820 40
658 659 1
706 709 11
706 708 6
706 707 48
546 548 15
546 549 82
425 427 78
425 428 4
571 573 26
128 129 13
571 574 47
835 837 90
939 940 71
835 838 9
939 941 34
939 942 91
835 836 39
86 88 64
86 89 83
273 274 28
273 275 83
86 87 40
273 276 14
946 947 60
946 949 98
425 426 13
946 948 6
611 614 86
611 613 85
611 612 95
489 491 49
972 973 85
489 490 60
972 975 37
489 492 2
972 974 67
314 317 15
314 316 94
314 315 30
154 156 11
282 284 74
675 676 81
128 130 92
154 157 55
282 285 72
128 131 39
675 678 2
154 155 93
282 283 89
675 677 26
690 691 61
451 453 33
690 692 42
451 454 36
690 693 19
451 452 94
667 668 89
258 259 36
649 652 5
146 147 37
418 419 16
649 651 56
649 650 1
827 829 23
306 308 39
306 309 50
146 149 26
667 669 76
146 148 11
306 307 75
827 828 42
740 741 21
385 388 23
692 694 2
385 387 75
692 695 21
385 386 56
418 420 44
17 19 51
779 782 37
956 957 96
17 18 7
667 670 2
779 781 33
956 958 12
418 421 59
779 780 42
956 959 53
152 154 74
152 155 31
258 260 65
258 261 78
740 742 31
152 153 57
740 743 6
17 20 42
827 830 46
730 731 32
730 733 20
730 732 59
54 56 89
54 57 51
980 982 10
54 55 71
980 983 82
368 371 55
980 981 91
368 370 54
264 265 25
379 382 62
435 436 24
539 540 96
796 799 60
539 541 1
785 786 73
796 798 45
264 267 90
379 380 34
435 438 75
539 542 86
785 787 49
796 797 14
264 266 40
379 381 75
435 437 80
785 788 35
528 530 57
275 276 94
275 277 11
275 278 45
528 531 56
580 583 68
580 582 4
580 581 68
49 51 65
398 400 52
49 50 13
398 401 8
563 564 100
563 566 2
563 565 19
368 369 55
49 52 34
723 726 64
889 892 65
723 725 9
528 529 64
723 724 20
889 890 28
889 891 70
202 203 80
202 204 20
202 205 16
98 99 33
247 248 82
861 862 6
247 249 25
656 657 28
10 11 94
10 12 45
10 13 89
340 343 18
861 863 95
340 342 83
861 864 28
704 707 54
704 706 33
768 769 87
135 136 22
98 100 38
656 659 69
98 101 91
656 658 42
135 137 4
135 138 100
704 705 72
853 856 45
853 855 92
853 854 7
163 164 68
768 770 35
163 166 88
768 771 12
163 165 98
247 250 34
556 559 59
556 558 42
556 557 27
604 605 26
332 333 35
332 334 4
604 607 47
332 335 92
604 606 66
901 902 80
901 904 6
901 903 19
50 51 8
312 315 7
312 314 34
777 780 63
50 53 85
312 313 43
50 52 47
427 430 17
684 685 22
684 686 4
684 687 18
284 287 78
284 286 56
284 285 33
833 835 10
833 836 15
948 951 62
948 950 56
833 834 52
961 963 90
961 964 94
961 962 8
777 778 45
440 443 61
440 442 94
340 341 39
440 441 37
256 257 43
777 779 35
94 97 47
256 258 73
427 429 16
948 949 1
94 96 55
256 259 18
94 95 81
427 428 24
669 670 40
204 205 39
669 671 59
204 206 94
669 672 81
204 207 32
647 650 3
156 158 55
677 678 42
156 159 54
156 157 22
677 679 96
42 45 93
148 150 88
42 44 100
42 43 11
148 151 57
461 462 34
725 728 60
725 727 81
725 726 68
126 127 57
433 434 55
433 436 71
433 435 61
677 680 91
126 129 61
126 128 15
682 685 46
682 684 83
682 683 71
62 63 66
647 648 69
954 955 51
62 64 80
954 956 43
62 65 26
954 957 57
647 649 60
148 149 22
732 733 6
161 162 98
161 163 48
732 735 15
161 164 95
732 734 9
377 379 34
377 378 15
898 899 39
211 213 60
377 380 72
526 528 38
561 562 44
211 214 7
526 529 41
561 564 10
798 799 82
211 212 1
561 563 43
526 527 1
548 549 7
548 551 74
304 306 62
304 307 81
548 550 73
30 31 74
982 983 15
30 32 22
30 33 27
461 464 66
982 984 65
461 463 28
982 985 94
277 278 52
277 279 25
825 828 92
825 827 38
277 280 52
383 386 62
383 385 30
383 384 84
304 305 46
825 826 56
967 970 29
197 198 6
390 391 13
751 754 39
751 753 100
390 393 51
390 392 73
349 352 72
429 430 64
429 431 98
429 432 39
13 15 35
310 312 50
831 833 100
13 16 30
310 313 74
470 471 26
831 834 29
967 969 91
349 350 93
967 968 60
13 14 24
310 311 93
349 351 63
831 832 92
671 672 40
470 472 59
671 673 29
751 752 11
470 473 33
671 674 48
509 512 94
230 232 17
230 233 1
509 511 30
582 583 69
509 510 44
414 415 6
398 399 11
69 71 73
69 70 70
182 183 15
182 184 60
582 585 50
182 185 39
582 584 97
69 72 14
935 936 21
334 335 33
855 856 15
334 337 88
855 857 3
334 336 27
855 858 36
414 417 42
935 937 5
414 416 40
935 938 36
686 687 64
686 688 56
686 689 84
245 248 94
325 327 67
245 247 29
325 328 64
325 326 26
245 246 62
766 767 14
165 166 67
165 168 16
165 167 100
45 46 5
766 768 82
846 847 25
766 769 5
45 48 17
846 849 97
45 47 31
846 848 63
567 570 70
597 598 74
840 841 18
124 127 22
228 231 79
840 842 93
124 126 94
840 843 61
124 125 15
431 432 26
485 488 61
792 794 16
228 230 60
485 487 3
645 646 25
792 795 78
952 953 33
431 434 63
749 751 9
952 954 12
431 433 24
749 750 9
792 793 45
952 955 62
597 599 11
485 486 19
790 792 11
790 793 11
790 791 75
381 384 83
381 383 28
749 752 57
381 382 21
645 647 15
645 648 56
70 71 76
613 614 95
70 73 31
613 615 11
70 72 82
613 616 81
909 912 18
535 536 68
909 910 15
909 911 8
567 569 45
567 568 40
7 10 91
535 538 93
535 537 87
228 229 98
107 108 52
107 109 47
630 633 46
630 632 43
33 35 53
33 36 85
446 447 37
446 448 59
33 34 86
446 449 9
991 992 15
591 592 47
286 289 32
591 593 5
630 631 81
991 994 91
6 7 87
82 83 11
230 231 5
286 288 100
591 594 60
991 993 52
6 8 15
82 84 72
286 287 83
6 9 84
82 85 12
628 629 42
628 630 32
197 199 28
552 555 69
552 554 89
552 553 25
628 631 83
107 110 32
213 216 54
734 736 69
213 215 68
734 737 44
213 214 53
734 735 37
215 218 82
77 78 42
215 217 74
77 79 28
215 216 64
167 168 91
392 393 15
688 689 9
392 395 88
167 169 76
392 394 48
736 738 45
167 170 94
472 473 14
736 739 13
736 737 55
77 80 96
816 817 77
816 818 78
816 819 48
688 691 30
444 445 5
444 446 72
444 447 65
688 690 66
396 398 68
396 399 60
364 367 91
885 887 72
364 366 26
396 397 12
885 888 31
364 365 100
885 886 50
965 968 38
965 967 61
195 198 52
965 966 22
195 197 57
195 196 96
764 765 34
323 325 31
764 766 20
323 326 86
764 767 74
323 324 10
857 860 50
37 38 94
37 39 94
593 595 41
673 674 22
593 596 45
673 676 22
673 675 80
37 40 2
243 244 50
937 940 68
243 246 92
844 845 38
243 245 43
844 847 24
844 846 16
507 510 37
180 182 64
336 337 94
180 183 80
600 601 58
336 339 13
600 602 62
336 338 7
600 603 21
180 181 13
271 274 67
870 871 43
271 273 80
271 272 58
950 953 71
139 142 16
950 952 72
139 141 35
870 873 21
950 951 25
139 140 80
351 352 41
870 872 55
507 508 24
798 801 95
798 800 68
857 858 30
857 859 5
507 509 52
520 521 87
520 522 35
520 523 69
416 417 94
937 938 74
416 419 37
937 939 81
416 418 12
565 567 58
872 873 81
565 568 41
565 566 46
308 311 74
920 921 13
308 310 47
872 875 43
872 874 11
351 353 4
351 354 8
829 831 47
829 830 50
829 832 86
25 26 77
338 339 25
920 923 49
920 922 19
25 28 86
25 27 57
794 797 20
907 909 14
338 341 5
487 489 64
794 796 31
794 795 99
907 908 77
842 843 15
842 844 68
842 845 77
338 340 85
487 488 31
859 860 3
859 861 62
859 862 28
593 594 88
321 322 98
321 324 19
89 92 50
321 323 53
487 490 48
89 91 94
89 90 99
907 910 79
308 309 44
615 616 67
615 617 11
615 618 50
109 112 86
459 461 84
459 460 38
366 369 24
366 368 43
721 723 88
2 3 64
721 724 75
2 4 72
109 110 10
2 5 98
109 111 28
721 722 76
150 151 97
366 367 7
550 552 16
550 553 58
887 888 30
150 153 42
150 152 31
459 462 100
550 551 99
887 889 61
537 539 82
200 203 24
537 538 48
200 202 36
200 201 7
708 709 65
643 644 26
993 994 71
887 890 52
57 58 6
57 59 60
643 645 7
643 646 38
993 996 57
537 540 29
993 995 17
288 289 81
472 474 58
472 475 12
122 123 21
288 290 11
394 396 27
394 397 7
814 815 65
394 395 86
708 711 34
122 125 7
708 710 23
122 124 24
288 291 99
90 91 99
90 93 45
90 92 52
57 60 77
814 816 63
814 817 20
1 1000