300 894
177 178 1
217 220 78
113 115 69
113 116 98
177 179 46
225 227 4
169 172 94
225 228 75
113 114 91
18 19 41
225 226 82
63 64 37
63 65 96
63 66 87
18 21 43
177 180 9
18 20 70
185 187 56
185 188 60
185 186 78
85 86 100
85 88 85
85 87 28
169 171 23
169 170 28
105 106 73
217 219 46
105 107 92
217 218 85
105 108 86
193 194 44
193 196 51
193 195 28
208 209 99
97 98 87
97 99 54
53 55 36
53 56 10
234 236 43
53 54 96
234 237 95
298 299 76
121 122 55
289 291 82
289 290 98
121 124 89
121 123 64
289 292 60
208 211 51
234 235 70
208 210 67
75 78 22
75 77 78
75 76 40
168 171 11
168 170 65
114 116 90
218 220 61
114 117 79
114 115 29
218 221 52
186 187 79
168 169 5
28 31 25
120 121 80
218 219 52
199 200 25
199 201 55
28 30 76
199 202 50
130 131 55
130 132 1
130 133 61
241 244 24
241 243 43
28 29 47
296 297 71
242 245 75
242 244 26
242 243 30
16 19 52
16 18 2
16 17 96
241 242 8
65 66 37
192 193 38
297 299 22
65 68 31
192 195 95
65 67 22
192 194 79
297 298 80
120 123 97
120 122 54
198 200 81
198 201 17
131 133 7
131 134 1
186 188 83
38 39 49
186 189 90
87 89 7
87 88 66
38 41 72
235 236 1
235 237 61
235 238 44
87 90 88
224 225 60
224 227 42
38 40 2
224 226 65
179 182 9
179 180 48
179 181 7
227 230 71
21 24 17
21 23 44
21 22 84
175 176 15
279 280 27
279 281 58
103 106 71
103 105 44
103 104 49
279 282 50
131 132 63
227 228 33
227 229 34
43 44 53
43 45 12
43 46 25
197 200 29
232 234 65
232 235 75
61 64 94
61 63 84
106 107 27
232 233 86
61 62 71
106 108 41
106 109 86
240 243 86
240 242 22
240 241 72
191 194 71
191 193 64
191 192 34
132 133 12
260 261 59
132 134 52
260 262 94
132 135 99
219 222 27
260 263 54
219 221 92
83 84 36
219 220 4
83 85 28
83 86 91
176 177 9
176 178 38
176 179 3
112 114 34
112 115 11
112 113 3
31 32 69
31 34 50
31 33 70
178 180 40
178 181 96
178 179 26
95 98 44
95 97 32
95 96 7
226 228 100
226 229 11
226 227 45
51 52 87
51 54 92
51 53 83
104 106 71
104 107 6
104 105 85
184 186 56
184 187 13
184 185 30
140 141 87
73 75 78
140 143 38
73 76 14
140 142 6
73 74 88
183 185 15
183 186 95
183 184 47
233 234 92
233 235 15
233 236 73
261 264 35
261 263 67
261 262 27
41 44 90
41 43 34
41 42 5
133 135 78
111 112 60
133 136 82
111 113 67
111 114 20
133 134 20
190 191 30
190 193 80
190 192 41
157 160 63
189 191 19
189 190 94
205 207 27
205 208 61
189 192 26
157 159 97
46 47 73
205 206 12
46 49 95
46 48 36
91 93 98
237 238 15
91 94 19
91 92 61
237 239 55
157 158 29
269 272 92
269 271 23
269 270 86
141 144 94
141 143 26
237 240 42
141 142 78
173 174 63
173 176 4
173 175 9
24 25 15
24 26 36
24 27 55
58 59 8
12 13 9
221 222 15
12 15 45
117 118 9
12 14 27
299 300 46
221 224 8
221 223 57
254 256 72
262 263 88
254 257 16
262 265 52
58 60 16
262 264 37
117 119 99
254 255 57
58 61 9
293 294 99
293 296 85
117 120 27
293 295 74
34 36 86
34 37 17
34 35 55
278 281 41
278 280 42
278 279 60
101 104 32
101 103 34
101 102 57
102 105 60
102 104 3
158 161 29
268 269 99
236 238 62
236 239 71
236 237 69
102 103 32
7 8 29
7 9 24
268 270 95
268 271 32
142 143 26
81 84 30
174 177 84
81 83 67
174 176 49
81 82 15
174 175 86
158 159 90
158 160 83
206 207 49
206 208 14
263 266 61
206 209 63
263 265 51
118 119 57
253 255 39
263 264 15
298 300 72
253 256 9
252 253 3
253 254 12
44 45 41
44 46 21
44 47 81
93 95 65
93 96 17
93 94 79
142 145 38
142 144 98
175 177 58
175 178 98
292 295 20
292 294 60
22 25 31
118 120 17
22 24 59
22 23 93
118 121 35
71 72 41
292 293 6
71 74 77
71 73 1
5 6 34
5 7 26
280 282 39
5 8 94
280 283 47
88 89 46
280 281 54
8 11 42
159 160 68
159 161 69
159 162 64
239 241 69
88 91 61
239 240 74
88 90 26
239 242 76
207 210 51
8 10 13
207 209 85
115 116 24
115 117 38
115 118 23
207 208 47
66 68 89
66 69 53
66 67 47
252 254 95
252 255 75
220 221 19
220 223 28
220 222 23
48 50 19
296 298 26
296 299 18
295 296 49
295 298 82
295 297 41
48 51 60
171 174 57
251 253 5
171 173 23
251 254 20
48 49 90
251 252 62
171 172 83
223 224 74
143 146 100
143 145 18
143 144 71
267 270 17
223 226 84
187 190 28
223 225 19
267 268 14
187 189 42
187 188 42
26 27 8
26 29 10
26 28 57
267 269 72
56 59 28
56 58 11
56 57 4
238 241 72
188 189 29
238 240 46
3 4 53
3 5 49
14 16 80
3 6 71
14 17 93
14 15 60
188 190 89
188 191 19
78 79 51
36 39 6
36 38 13
36 37 30
238 239 45
78 80 24
116 119 62
78 81 25
116 118 10
116 117 83
172 175 50
172 174 23
172 173 82
294 297 81
294 296 58
222 223 56
294 295 44
222 225 86
222 224 27
250 252 17
266 267 21
250 253 100
266 269 47
266 268 57
68 70 25
250 251 84
100 103 40
100 102 68
68 71 39
100 101 62
68 69 29
144 145 72
144 147 78
209 212 100
144 146 28
209 210 27
209 211 85
52 54 81
145 148 62
249 252 55
52 55 18
145 147 97
29 32 37
145 146 6
249 250 74
1 2 33
52 53 41
249 251 34
1 3 34
1 4 68
29 30 54
137 140 61
29 31 10
290 293 73
290 292 76
74 77 33
290 291 35
74 76 89
74 75 85
153 154 71
137 139 32
137 138 59
96 97 14
96 98 5
274 276 89
96 99 96
274 277 35
128 129 8
210 211 79
86 88 12
210 212 19
86 89 29
210 213 41
273 274 84
273 275 96
86 87 39
273 276 1
40 43 61
40 42 89
40 41 70
265 268 92
265 267 55
265 266 65
201 202 95
201 204 80
201 203 74
154 156 70
282 284 3
128 130 51
154 157 50
282 285 43
128 131 90
154 155 38
282 283 62
64 65 22
64 67 60
64 66 21
99 101 46
99 102 82
99 100 5
258 259 28
291 292 15
291 294 15
291 293 48
39 42 67
146 147 1
146 149 91
146 148 39
39 41 59
39 40 96
17 19 77
136 137 29
17 18 69
136 138 88
136 139 7
152 154 1
152 155 82
258 260 11
258 261 27
152 153 90
17 20 74
54 56 40
54 57 6
274 275 12
27 30 45
54 55 35
264 265 51
264 267 23
264 266 97
275 276 93
275 277 90
275 278 12
27 29 2
27 28 40
257 260 15
49 51 98
153 155 26
49 50 17
76 77 99
153 156 10
76 78 13
76 79 87
170 173 10
170 172 3
170 171 29
49 52 61
129 130 14
281 283 29
129 131 94
281 284 52
257 259 95
257 258 77
202 203 93
202 204 41
202 205 57
98 99 4
129 132 93
281 282 8
247 248 61
147 150 68
247 249 10
10 11 70
10 12 10
10 13 67
135 136 93
98 100 86
98 101 36
135 137 82
135 138 8
127 130 94
32 33 99
32 35 17
32 34 83
163 164 82
147 149 22
147 148 20
163 166 98
163 165 82
247 250 24
127 128 38
127 129 40
50 51 81
50 53 14
50 52 2
119 121 64
119 120 99
119 122 23
284 287 48
284 286 10
284 285 22
160 162 42
160 163 35
276 277 35
72 74 37
72 75 3
160 161 74
276 278 93
72 73 23
276 279 51
212 213 74
212 214 12
212 215 2
297 300 83
203 205 76
203 206 55
203 204 32
256 257 7
94 97 79
256 258 37
94 96 75
256 259 26
94 95 81
134 135 31
204 205 89
134 136 69
204 206 70
134 137 18
204 207 96
84 85 49
156 158 2
156 159 95
84 87 94
84 86 4
156 157 26
42 45 69
148 150 37
42 44 52
42 43 35
148 151 97
248 249 36
126 127 10
126 129 100
126 128 11
62 63 61
62 64 99
62 65 79
20 22 10
20 23 18
97 100 72
20 21 18
148 149 43
162 164 96
162 165 27
248 250 5
248 251 28
162 163 78
161 162 85
161 163 2
161 164 93
211 213 52
211 214 99
211 212 78
283 285 4
283 286 9
283 284 99
255 257 33
30 31 92
255 258 73
30 32 92
30 33 21
255 256 29
277 278 6
277 279 86
19 22 41
277 280 44
155 157 98
155 158 10
19 20 39
19 21 87
155 156 6
35 38 20
35 37 93
35 36 74
80 83 75
80 82 55
80 81 75
125 126 33
197 198 1
229 230 27
229 231 98
125 128 85
229 232 50
125 127 84
149 152 58
149 151 78
149 150 33
13 15 55
13 16 80
13 14 52
230 232 21
230 233 68
285 286 58
285 288 98
285 287 96
69 71 49
69 70 67
182 183 36
182 184 40
182 185 88
69 72 61
108 109 67
8 9 23
23 24 50
23 25 93
23 26 98
110 112 91
110 113 67
110 111 30
245 248 3
245 247 17
245 246 46
165 166 35
165 168 34
165 167 88
45 46 14
108 111 18
45 48 90
45 47 56
108 110 51
198 199 6
124 127 80
228 231 59
124 126 16
124 125 40
228 230 73
214 215 82
214 217 67
214 216 87
70 71 45
164 165 22
70 73 23
70 72 35
196 197 78
196 199 64
196 198 89
7 10 77
59 61 69
59 60 60
92 94 6
92 95 59
92 93 96
59 62 80
228 229 33
107 108 78
231 232 30
107 109 50
231 233 71
231 234 93
33 35 11
33 36 59
33 34 1
286 289 54
6 7 27
82 83 24
230 231 73
286 288 75
6 8 86
82 84 99
286 287 27
6 9 34
82 85 22
181 183 32
181 184 66
181 182 62
164 167 36
164 166 21
11 12 47
11 14 33
11 13 24
197 199 58
60 63 63
60 62 1
60 61 28
246 249 46
246 248 5
246 247 27
270 271 39
107 110 14
213 216 13
213 215 60
213 214 11
270 273 6
270 272 77
215 218 5
77 78 25
215 217 92
77 79 10
215 216 42
123 124 64
123 126 9
123 125 80
167 168 68
167 169 14
167 170 66
77 80 88
55 58 95
55 57 99
55 56 30
195 198 93
195 197 66
195 196 10
151 152 65
259 260 74
259 261 75
151 154 71
259 262 9
151 153 20
287 290 84
4 5 64
37 38 70
4 6 98
37 39 42
4 7 83
37 40 56
243 244 51
243 246 17
243 245 73
287 289 88
287 288 84
180 182 87
180 183 75
180 181 2
15 18 22
271 274 6
15 17 75
271 273 21
15 16 73
271 272 11
139 142 49
139 141 59
139 140 65
9 12 11
9 10 35
9 11 34
67 70 42
216 219 29
216 218 61
67 69 62
216 217 7
67 68 45
25 26 24
138 141 74
25 28 39
25 27 45
138 140 81
47 50 7
138 139 56
47 49 8
47 48 52
89 92 14
89 91 29
194 195 31
89 90 12
194 197 19
194 196 83
109 112 79
2 3 14
2 4 7
109 110 29
2 5 10
109 111 11
150 151 5
150 153 93
150 152 67
200 203 38
200 202 82
79 81 80
200 201 21
79 80 46
244 247 79
79 82 31
244 246 20
272 273 59
244 245 25
272 274 75
272 275 16
57 58 100
57 59 63
288 289 84
122 123 48
288 290 63
122 125 11
122 124 56
288 291 16
90 91 91
90 93 96
166 169 58
90 92 8
166 168 62
57 60 85
166 167 30
1 300